+--------------------------------------------------------------------------------------------------------------------------------------------------------------------------+
|                                                                   Results of the All Interval problem                                                                    |
+--------+---------------------+----------------------------------+--------------------+------------------------+---------------------------+------------------------------+
| Length | Model Creation Time | Solver Creation + Transform Time |     Solve Time     | Overall Execution Time | Number of Search Branches | Overall Memory Usage (Bytes) |
+--------+---------------------+----------------------------------+--------------------+------------------------+---------------------------+------------------------------+
|   15   |  1.081248972372049  |        0.8524029887166821        | 0.9824473695813328 |   0.9801897321611629   |     0.9999723152736636    |            11.725            |
|   16   |  1.0214329888253513 |        0.838809078589295         |  0.98085132272715  |   0.9782550211522637   |     1.0012701608071513    |      1.6010638297872342      |
|   17   |  0.9982561822667498 |        0.8238652334839065        | 0.975496084329581  |   0.9728532743896688   |     1.002388635125508     |      3.5854922279792745      |
|   18   |  1.0043109896811473 |        0.834814136752643         | 0.9859313872385802 |   0.9834971963749077   |     1.0000552486187846    |      1.8416289592760182      |
|   19   |  1.0013899138905649 |        0.8303417662703447        | 0.9887015514110957 |   0.9862560890949402   |            1.0            |             3.0              |
|   20   |  0.9777407775425606 |        0.8270545273855292        | 0.9818999139734922 |   0.9796632528197327   |            1.0            |      5.848484848484849       |
|   21   |  1.0041684965162527 |        0.8367704876916885        | 0.9969341067893591 |   0.9948125268400326   |     0.980988242729056     |      2.4434782608695653      |
|   22   |  1.0010856465735365 |        0.8327821807060587        | 0.9829993247162926 |   0.9811774923242688   |     0.9987654907174398    |      0.5034246575342466      |
|   23   |  1.0016595536097348 |        0.8342711171492831        | 0.9928261878003398 |   0.9910087218361964   |     1.0000863930885528    |      -29.45454545454545      |
|   24   |  1.0070455220598837 |        0.8351270712484894        | 0.9829974832100831 |   0.9814599008178946   |     1.0005810975849978    |      2.5824175824175826      |
|   25   |  0.9954179800896639 |        0.8294490319435951        | 0.976343187619282  |   0.9748883119170262   |     1.0026956616130551    |      0.6161616161616161      |
|   26   |  1.0029740804637433 |        0.8334869630263713        | 0.9869161892471253 |   0.985448566318572    |     1.001713183194172     |      6.714285714285714       |
|   27   |  1.0050412770623802 |        0.8254671292684896        | 0.9697622117965743 |   0.9685487271947487   |     0.9995708680725846    |      0.8191489361702128      |
|   28   |  1.0044179575581142 |        0.8026267790589091        | 0.9693275357806855 |   0.9679418136785944   |     1.0013145459842396    |      -9.363636363636363      |
|   29   |  1.0005814751405244 |        0.7985850302882667        | 0.903241472802362  |   0.9026060074257154   |     1.0370331522233176    |     0.24203821656050956      |
+--------+---------------------+----------------------------------+--------------------+------------------------+---------------------------+------------------------------+
