+------------------------------------------------------------------------------------------------------------------------+
|                                          Results of the Knights Tour problem                                           |
+---------------+---------------------+----------------------------------+----------------------+------------------------+
| Size of board | Model Creation Time | Solver Creation + Transform Time |      Solve Time      | Overall Execution Time |
+---------------+---------------------+----------------------------------+----------------------+------------------------+
|      100      |  1.042146144046295  |        1.3103369114548185        |  0.6234813652822556  |   0.850342265600473    |
|      200      |  0.9701610179077678 |        0.9177329815358176        | 0.07997223492029064  |  0.23862431340196105   |
|      300      |  0.9680989116013144 |        0.932304960854211         | 0.043155375329220605 |  0.14745963348289173   |
|      400      |  1.026723380472071  |        0.9444057775085882        |  0.0697066093143246  |  0.22650558111017452   |
|      500      |  1.0032020326309978 |        0.9319441048226349        |  0.0630138559616154  |   0.2198917009649694   |
|      600      |  0.998423005025942  |        0.9298890829280363        | 0.06315476743897548  |  0.22174106064639765   |
|      700      |  1.0084747866315957 |        0.9401820516445356        | 0.07797626622345047  |   0.2662849945397508   |
|      800      |  1.003583588978247  |        0.9352652229499473        | 0.07705931342480608  |  0.26675218537231193   |
|      900      |  0.9948440997027872 |        0.9162389158188515        |  0.0850787254193806  |  0.28614224826413687   |
|      1000     |  1.011902353295109  |        0.9188833965376697        | 0.09158915433822092  |   0.3004809218758548   |
|      1100     |  1.0162350561070683 |        0.9362814546972393        | 0.11174735358704768  |   0.354262744466121    |
|      1200     |  0.996578459807049  |        0.9323781169197087        | 0.12407386352918669  |   0.3814742298997062   |
|      1300     |  0.9952253669796064 |        0.9363203383249035        | 0.12549805019631466  |  0.38508698703079103   |
|      1400     |  0.9979689538785722 |        0.9275966558952561        | 0.13914209615602469  |  0.40542489493061984   |
|      1500     |  0.997648832687471  |        0.9309021631517568        | 0.13118316281799963  |   0.3961661591461743   |
+---------------+---------------------+----------------------------------+----------------------+------------------------+
