+--------------------------------------------------------------------------------------------------------------------------------------------------+
|                                                       Results of the Knights Tour problem                                                        |
+---------------+---------------------+----------------------------------+--------------------+------------------------+---------------------------+
| Size of board | Model Creation Time | Solver Creation + Transform Time |     Solve Time     | Overall Execution Time | number of search branches |
+---------------+---------------------+----------------------------------+--------------------+------------------------+---------------------------+
|      100      |  1.0258189785085734 |         1.19357673337847         | 3.4319629638913507 |   2.063439786956493    |     3.2991777356103733    |
|      200      |  1.0129481708666905 |        1.212117552851062         | 8.394675595412382  |   3.564443336435725    |     4.4517497348886526    |
|      300      |  1.0329122031892375 |        1.2199625987842007        | 16.383474562767095 |   6.297630614345654    |     7.370577481449618     |
|      400      |  1.0147542075864762 |        1.226281682338331         | 26.002267587308552 |   9.033843803068036    |     8.550209742316584     |
|      500      |  0.9871253440712537 |        1.2133641909092647        | 29.815087376160676 |   9.861161666365282    |     3.8681809481273532    |
|      600      |  0.9929371744618828 |        1.2355725141543517        | 36.526424154390284 |   11.840783444859383   |     3.1056369956173495    |
|      700      |  0.9981882273178418 |        1.214531824499466         | 49.894309656663935 |   15.498733039813192   |     2.2572830834346433    |
|      800      |  1.0265641379951087 |        1.2409619547037716        | 51.08259868014449  |   15.440157190078962   |     8.606441935080628     |
|      900      |  0.972825898194987  |        1.2046456136782429        | 48.77532459282959  |   14.67383300800815    |     4.9957378063451685    |
|      1000     |  0.9902133307999004 |        1.2182735541130758        | 53.850574062385384 |   15.589022681409933   |     4.531266293579895     |
|      1100     |  0.9996996073332653 |        1.2268352673098277        | 64.98934218549404  |   18.99757028134346    |     12.173387331740575    |
|      1200     |  0.999039183242413  |        1.2338237613853849        |  73.4710260844717  |   21.058395556213053   |     17.307388063485625    |
|      1300     |  1.018534982646897  |        1.2492594348141337        | 76.20902211878565  |   21.198740190480642   |     10.977785596997421    |
|      1400     |  0.9987305971055616 |        1.228858840371023         | 80.50354203784197  |   22.09526832712892    |     16.98509771454716     |
|      1500     |  1.001745962028457  |        1.2376060192126856        | 93.08083142144261  |   24.749198844179052   |     19.115310097281423    |
+---------------+---------------------+----------------------------------+--------------------+------------------------+---------------------------+
