+-----------------------------------------------------------------------------------------------------------------------------------------------+
|                                                Results of the All Interval problem without CSE                                                |
+--------+------------------------+----------------------------------+---------------------+------------------------+---------------------------+
| length |  Model Creation Time   | Solver Creation + Transform Time |      Solve Time     | Overall Execution Time | Number of Search Branches |
+--------+------------------------+----------------------------------+---------------------+------------------------+---------------------------+
|   15   | 0.0004389625999465352  |       0.001263904199731769       | 0.06741408349989797 |  0.06913205859964364   |           3618.4          |
|   15   | 0.00039531240036012606 |       0.001196104099653894       | 0.06574023330031195 |  0.06734467099959147   |           3601.8          |
|   16   | 0.00042604580048646314 |      0.0012879998997959775       | 0.07548317490000045 |  0.07721201659951475   |           4165.6          |
|   16   | 0.0004218377001961926  |      0.0012736167005641618       | 0.07616750009983661 |  0.07787891689949902   |           4166.0          |
|   17   | 0.0004382417999295285  |       0.001340391900521354       | 0.08695412509950984 |  0.08874843349949516   |           4787.3          |
|   17   | 0.00042536239961918907 |      0.0013268624003103468       | 0.08560997899949144 |  0.08737814590022026   |           4786.6          |
|   18   | 0.00044369159986672456 |      0.0014048999990336597       | 0.09879223320021993 |  0.10065617929940344   |           5430.1          |
|   18   | 0.0004422334000992123  |      0.0014009498001541943       | 0.09826541239999642 |  0.10012428760019247   |           5430.6          |
|   19   | 0.0004599872994731413  |      0.0014718665992404568       | 0.11211801240024215 |   0.1140670915996452   |           6116.0          |
|   19   | 0.00046902920003049075 |      0.0015062040994962445       | 0.11469437080013449 |  0.11668549999885727   |           6118.0          |
|   20   | 0.0004947540997818578  |      0.0015964750997227383       |  0.1322194002004835 |  0.13432690410045325   |           6837.4          |
|   20   | 0.0004922874999465421  |      0.0015558580998913385       | 0.12780262090054748 |  0.12986655830100063   |           6842.7          |
|   21   | 0.0005171500000869855  |      0.0016594124997936887       |  0.1445446167010232 |  0.14673860379953113   |           7613.4          |
|   21   | 0.0005086666005809093  |       0.001621183099996415       |  0.1444159792994469 |  0.14656278360089345   |           7622.3          |
+--------+------------------------+----------------------------------+---------------------+------------------------+---------------------------+
