+------------------------------------------------------------------------------------------------------------------------------------------------------------------------------+
|                                                                 Results of the All Interval problem with CSE                                                                 |
+--------+------------------------+----------------------------------+---------------------+------------------------+---------------------------+------------------------------+
| Length |  Model Creation Time   | Solver Creation + Transform Time |      Solve Time     | Overall Execution Time | Number of Search Branches | Overall Memory Usage (Bytes) |
+--------+------------------------+----------------------------------+---------------------+------------------------+---------------------------+------------------------------+
|   15   | 0.00041914565954357383 |      0.0015055374475196003       | 0.06805606239940971 |  0.06999706241767853   |           3630.6          |           897843.2           |
|   16   | 0.0004513458115980029  |      0.0015577458078041672       | 0.07759474597405643 |  0.07962309562135488   |           4179.4          |           126156.8           |
|   17   | 0.00045424997806549073 |      0.0016626876546069979       | 0.09028788341674954 |  0.09242396680638194   |           4785.3          |           227737.6           |
|   18   | 0.00046734155621379613 |       0.001717745722271502       | 0.10334473748225718 |  0.10554978735744953   |           5431.1          |          -1015808.0          |
|   19   | 0.0004896583501249552  |      0.0018874960020184516       | 0.11614492498338222 |  0.11854161275550723   |           6116.0          |          -2675507.2          |
|   20   | 0.0005087082972750068  |      0.0018876583082601428       | 0.13183977513108402 |  0.13425556265283375   |           6842.0          |           249036.8           |
|   21   | 0.0005272916983813048  |       0.001959320832975209       |  0.1503254707204178 |  0.15283237500116229   |           7579.8          |           247398.4           |
|   22   | 0.0005508416565135121  |      0.0020598830888047814       | 0.16910221660509706 |   0.171733983210288    |           8379.0          |           455475.2           |
|   23   | 0.0005641877185553312  |       0.002128774975426495       | 0.18698287901934235 |  0.18969649160280824   |           9254.2          |           643891.2           |
|   24   |  0.000578687689267099  |       0.002234291797503829       | 0.20625171260908245 |   0.209086737385951    |          10150.9          |           201523.2           |
|   25   | 0.0006076000165194273  |      0.0023417707765474916       | 0.23016909591387957 |  0.23314100003335625   |          11074.5          |           324403.2           |
|   26   | 0.0006175166228786111  |      0.0023948583286255596       |  0.2513988331658766 |  0.25444278318900615   |          12042.0          |           203161.6           |
|   27   | 0.0006362125044688582  |      0.0025194623274728658       | 0.27927573323249816 |   0.2824555793544278   |          13037.4          |           494796.8           |
|   28   | 0.0006607457995414734  |       0.002638437389396131       | 0.30797488731332123 |   0.3112997620832175   |          14090.0          |           357171.2           |
|   29   | 0.0006865208968520164  |       0.00275728739798069        | 0.33061463336925956 |   0.3340840792050585   |          15176.0          |           630784.0           |
+--------+------------------------+----------------------------------+---------------------+------------------------+---------------------------+------------------------------+
