+--------+-----------------------+----------------------------------+----------------------+------------------------+---------------------------+
| Length |  Model Creation Time  | Solver Creation + Transform Time |      Solve Time      | Overall Execution Time | Number of Search Branches |
+--------+-----------------------+----------------------------------+----------------------+------------------------+---------------------------+
|   10   | 0.0008676659999764524 |       0.004531167003733572       | 0.017838708001363557 |   0.0718557910004165   |            795            |
|   11   | 0.0010227079983451404 |       0.00542358399980003        | 0.00878000000375323  |  0.03072870799951488   |            242            |
|   12   | 0.0011038750017178245 |       0.006236707995412871       | 0.03569525000057183  |  0.08274774999881629   |            1652           |
|   13   | 0.0011928339954465628 |      0.0071147089984151535       | 0.010661624997737817 |  0.03805408300104318   |            424            |
|   14   | 0.0014051250036573038 |       0.008744875005504582       |  0.310665417004202   |   0.6314288329958799   |            9260           |
|   15   | 0.0015934170005493797 |       0.009851082999375649       | 0.014685667003504932 |  0.051767874996585306  |            645            |
|   16   | 0.0017779579939087853 |       0.010640499996952713       |  1.142262416993617   |   2.520945624994056    |           26173           |
|   17   |  0.002004999994824175 |       0.012213375004648697       |  2.600500208995072   |   5.717145499998878    |           55494           |
|   18   |  0.002501542003301438 |       0.01429637499677483        |  7.920423374998791   |   15.504053459000716   |           107668          |
|   19   |  0.002430958003969863 |       0.015444625001691747       | 0.04199320800398709  |  0.11025525000150083   |            1564           |
|   20   | 0.0027425419975770637 |       0.017269708005187567       |  22.263722083000175  |   45.61496245800663    |           338171          |
|   21   | 0.0028795410034945235 |       0.01874524999584537        | 0.27727116599999135  |   24.78588158400089    |            6113           |
|   22   | 0.0031380419968627393 |       0.020536250005534384       | 0.18359400000190362  |   0.5123447500009206   |            4714           |
|   23   |  0.003470458002993837 |       0.021966624997730833       | 0.18571708400122589  |   0.4031626249998226   |            4456           |
|   24   |  0.003666667005745694 |       0.024046208993240725       | 0.22270004199526738  |   0.4958974170003785   |            4835           |
+--------+-----------------------+----------------------------------+----------------------+------------------------+---------------------------+
