+------+------------------------+----------------------------------+-----------------------+------------------------+---------------------------+
| Size |  Model Creation Time   | Solver Creation + Transform Time |       Solve Time      | Overall Execution Time | Number of Search Branches |
+------+------------------------+----------------------------------+-----------------------+------------------------+---------------------------+
|  5   | 0.0003260829980717972  |      0.0008813329914119095       |  0.00257054201210849  |  0.004914958000881597  |             0             |
|  6   | 0.00019966698891948909 |      0.0012549999955808744       | 0.0030963330063968897 | 0.0038402500067604706  |             2             |
|  7   | 0.0002677089942153543  |       0.001516624994110316       |  0.00419879199762363  |  0.005965582997305319  |             62            |
|  8   | 0.0002607079950394109  |      0.0018881249998230487       |  0.009358750001410954 |  0.011286750013823621  |            280            |
|  9   |  0.000370459005353041  |      0.0023115419899113476       |  0.03802820800046902  |  0.02948658300738316   |            1843           |
|  10  | 0.00038866700197104365 |      0.0031207080028252676       |  0.37373487500008196  |  0.35068745899479836   |           13880           |
|  11  | 0.00048224999045487493 |      0.0033210830006282777       |    5.46850583399646   |   5.313971791008953    |           172347          |
|  12  | 0.0005077079986222088  |      0.0036874580109724775       |   87.21459670900367   |   49.38329991599312    |          1860823          |
|  13  | 0.0005638330039801076  |       0.004850833007367328       |   293.55691620800644  |   1039.3954747079988   |          4996682          |
|  14  | 0.0006442910089390352  |       0.005037750001065433       |   0.5815279579983326  |  0.12887324999610428   |           14662           |
|  15  | 0.0007061670039547607  |       0.005763709006714635       |   0.5667071249918081  |   4.7715649159945315   |           11699           |
+------+------------------------+----------------------------------+-----------------------+------------------------+---------------------------+
