+--------------------+-----------------------+----------------------------------+----------------------+------------------------+---------------------------+
| Length of Sequence |  Model Creation Time  | Solver Creation + Transform Time |      Solve Time      | Overall Execution Time | number of search branches |
+--------------------+-----------------------+----------------------------------+----------------------+------------------------+---------------------------+
|         15         | 0.0019475840017548762 |       0.007000959005381446       | 0.014029792000656016 |  0.023017458006506786  |            734            |
|         17         |  0.002142249999451451 |       0.008872916005202569       | 0.06762712499767076  |  0.07870645899674855   |            5648           |
|         19         |  0.00263529200310586  |        0.0112773329965421        | 0.08105712499673245  |  0.09503770800074562   |            5839           |
|         21         | 0.0031824580000829883 |       0.012782249999872874       |  4.737403833998542   |   4.753459792002104    |           232624          |
|         23         |  0.003625958997872658 |       0.015819709005882032       |  0.3522155000027851  |  0.37173187500593485   |           19809           |
|         25         |  0.004259458000888117 |       0.01838050000515068        |  26.461453249998158  |   26.48425841700373    |          1231793          |
|         27         |  0.004846041003474966 |       0.02142283399734879        |   8.83156891699764   |   8.858190833001572    |           475060          |
|         29         | 0.0056390419995295815 |       0.02474591699865414        | 0.38536375000694534  |  0.41601975000230595   |           14750           |
|         31         |  0.006565290997968987 |       0.027826208002807107       | 0.21333258300001035  |  0.24783545899845194   |           12067           |
|         33         |  0.007303334001335315 |       0.03182979199482361        |  0.1767630000031204  |   0.2163395829993533   |            8490           |
+--------------------+-----------------------+----------------------------------+----------------------+------------------------+---------------------------+
