+--------------------------------------------------------------------------------------------------------------------------------------------------+
|                                                   Results of the Knights Tour problem with CSE                                                   |
+-----------+-----------------------+----------------------------------+----------------------+------------------------+---------------------------+
| Size of n |  Model Creation Time  | Solver Creation + Transform Time |      Solve Time      | Overall Execution Time | number of search branches |
+-----------+-----------------------+----------------------------------+----------------------+------------------------+---------------------------+
|    100    | 0.0012031293008476496 |       0.00946697520557791        | 0.007405425072647631 |  0.018149733170866968  |           315.3           |
|    200    |  0.002827041503041983 |       0.019253333215601742       | 0.011704541812650859 |  0.03393595400266349   |           594.6           |
|    300    |  0.004995708307251334 |       0.028884424990974367       | 0.017917504184879363 |  0.051943391608074305  |           993.6           |
|    400    |  0.007770699984394014 |       0.038173841615207496       | 0.022327358229085804 |  0.06847842091228813   |           1255.3          |
|    500    |  0.011289716698229313 |       0.047667287499643864       | 0.027958537568338215 |  0.08739971239119768   |           1642.9          |
|    600    |  0.01574645421933383  |       0.06038996269926429        | 0.034711958444677296 |  0.11139636246953159   |           1573.9          |
|    700    |   0.0221463373163715  |       0.07185767092742026        | 0.04051777890417725  |  0.13515994576737284   |           1532.4          |
|    800    |   0.0258573958883062  |       0.07909598327241837        | 0.04458187073469162  |   0.1501388623379171   |           2224.2          |
|    900    |  0.031313346093520524 |       0.08595199976116419        | 0.04993731656577438  |  0.16794525443110614   |           2813.8          |
|    1000   |  0.03777675011660904  |       0.09541544592939318        | 0.052859658212400976 |  0.18676620004698635   |           3310.6          |
|    1100   |  0.04513635418843478  |       0.10700412462465465        | 0.06350315837189555  |   0.2166014501126483   |           3477.9          |
|    1200   |  0.05319322920404375  |        0.1186977497767657        |  0.0677426082547754  |  0.24083092915825546   |           3914.7          |
|    1300   |  0.06168158305808902  |       0.12695455010980367        | 0.07245544178877025  |   0.2623929041204974   |           3859.3          |
|    1400   |  0.07067526674363762  |       0.14027165004517883        |  0.079040841688402   |  0.29144220009911803   |           4169.2          |
|    1500   |  0.08071906669065357  |       0.14837275419849902        |  0.0827885832870379  |   0.3131583084817976   |           4590.5          |
+-----------+-----------------------+----------------------------------+----------------------+------------------------+---------------------------+
