+----------------------------------------------------------------------------------------------------------------------+
|                                   Results of the Knights Tour problem without CSE                                    |
+-----------+-----------------------+----------------------------------+----------------------+------------------------+
| Size of n |  Model Creation Time  | Solver Creation + Transform Time |      Solve Time      | Overall Execution Time |
+-----------+-----------------------+----------------------------------+----------------------+------------------------+
|    100    | 0.0012375751975923777 |       0.02613838737597689        | 0.014079245703760535 |  0.04224876260850578   |
|    200    | 0.0027732541086152194 |       0.04628959582187235        | 0.017606571002397688 |  0.06756675401702524   |
|    300    |  0.004928037605714053 |        0.068289308284875         | 0.024136029195506125 |  0.09837222070200369   |
|    400    |  0.007633646007161587 |       0.09000252910191194        | 0.031142970896326005 |  0.13000763332238421   |
|    500    |  0.011033503978978842 |       0.11132339158793911        | 0.03794941250234842  |  0.16165366659406571   |
|    600    |  0.015046004229225219 |       0.13334656258812175        |  0.0457166709122248  |  0.19570623750332744   |
|    700    |  0.019644712598528714 |       0.15776405839715152        | 0.05414867919171229  |  0.23339026222238318   |
|    800    |  0.024930904211942106 |       0.18125716251088306        |  0.0636506207054481  |  0.27191284177824854   |
|    900    |  0.030689616478048264 |       0.19991692919284104        |  0.0691844585351646  |  0.30191035820171236   |
|    1000   |  0.03732976672472432  |       0.22446367079392077        |  0.0775998039986007  |  0.34175157921854404   |
|    1100   |  0.04400949589908123  |       0.24327972501050682        | 0.08541580408345908  |   0.3752358373720199   |
|    1200   |  0.052242479112464935 |        0.271159666380845         |  0.0978447790024802  |  0.42394575420767067   |
|    1300   |  0.06078623760258779  |        0.2922054498223588        | 0.10324506681645289  |   0.4590663208276965   |
|    1400   |  0.06957394591299818  |        0.3112607833812945        | 0.11067721250001342  |  0.49441743347560985   |
|    1500   |  0.07840806681197136  |       0.32952065852005036        | 0.11522695810999721  |    0.52617899189936    |
+-----------+-----------------------+----------------------------------+----------------------+------------------------+
