+----------------------------------------------------------------------------------------------------------------------+
|                                     Results of the Knights Tour problem with CSE                                     |
+-----------+-----------------------+----------------------------------+----------------------+------------------------+
| Size of n |  Model Creation Time  | Solver Creation + Transform Time |      Solve Time      | Overall Execution Time |
+-----------+-----------------------+----------------------------------+----------------------+------------------------+
|    100    | 0.0012511670356616378 |       0.029662417015060782       | 0.019683875027112663 |  0.05147762503474951   |
|    200    | 0.0028015419375151396 |       0.05561166605912149        | 0.03430874994955957  |  0.09386520797852427   |
|    300    |  0.004901792039163411 |       0.08233679109252989        | 0.05307504103984684  |  0.14199733396526426   |
|    400    | 0.0076145409839227796 |       0.10965316602960229        | 0.07344466703943908  |  0.19264983397442847   |
|    500    |  0.010955416015349329 |       0.13624666701070964        |  0.0923096250044182  |  0.24171741597820073   |
|    600    |  0.014841124997474253 |       0.16134141699876636        | 0.11817820800933987  |   0.2966895420104265   |
|    700    |  0.019450042047537863 |        0.1866463749902323        | 0.14348966593388468  |  0.35210074996575713   |
|    800    |  0.024782874970696867 |       0.21592720795888454        |  0.1808444591006264  |  0.42486887506674975   |
|    900    |  0.03043700009584427  |       0.24097537505440414        | 0.20349633402656764  |  0.47891745797824115   |
|    1000   |  0.037030708976089954 |        0.2800263330573216        | 0.23868333303835243  |   0.560453874990344    |
|    1100   |  0.04410529194865376  |       0.29396991699468344        |  0.2951925420202315  |   0.6375969588989392   |
|    1200   |  0.05239712493494153  |        0.3456050840904936        | 0.35085820802487433  |   0.7534382500452921   |
|    1300   |  0.05948887497652322  |        0.3624605410732329        | 0.35693145799450576  |   0.7846377920359373   |
|    1400   |   0.0836659170454368  |        0.3864562090020627        | 0.43579887493979186  |   0.9113832919392735   |
|    1500   |  0.07857662497553974  |        0.4103806670755148        | 0.48060112493112683  |   0.9751635419670492   |
+-----------+-----------------------+----------------------------------+----------------------+------------------------+
