+-------------------------------------------------------------------------------------------------------------------------------------------------+
|                                                 Results of the Knights Tour problem without CSE                                                 |
+-----------+-----------------------+----------------------------------+---------------------+------------------------+---------------------------+
| Size of n |  Model Creation Time  | Solver Creation + Transform Time |      Solve Time     | Overall Execution Time | number of search branches |
+-----------+-----------------------+----------------------------------+---------------------+------------------------+---------------------------+
|    100    | 0.0012491333996877073 |       0.01247097087907605        | 0.02789099970832467 |  0.04170700839022175   |           1044.6          |
|    200    |  0.002858437492977828 |        0.0248130040068645        | 0.09562677929643541 |  0.12348481219960376   |           2831.5          |
|    300    |  0.005150187306571752 |       0.03831922928802669        |  0.3188645955931861 |   0.3626073582971003   |           6908.2          |
|    400    |  0.007937933295033872 |       0.04984318738570437        |  0.5609366958902683 |   0.6191361291857902   |           9515.9          |
|    500    |  0.011249533202499152 |       0.06220442089834251        |   0.83531770829577  |   0.9093370874004905   |           7684.8          |
|    600    |  0.015314679202856497 |       0.07510843329364433        |  1.1909326163935474 |   1.2819185959990136   |           5064.1          |
|    700    |  0.01991672089789063  |       0.08764850810985081        |  1.8184118539036718 |   1.9267077623168007   |           4744.6          |
|    800    |   0.0252256708976347  |       0.10030768340220675        |  2.2416005916020367 |   2.3681262543133927   |          30058.0          |
|    900    |   0.0315561497816816  |       0.11459236659575253        |  2.5970474499103147 |   2.744426312495489    |          12757.8          |
|    1000   |  0.037880079209571704 |       0.12762249169172718        |  2.7165985124069265 |   2.8835617209027986   |           6797.3          |
|    1100   |  0.04482565828948282  |       0.14048481669742613        |  3.7863551460031886 |   3.973063487408217    |          37666.3          |
|    1200   |  0.05249757489655167  |       0.15374526660889387        |  4.727882433397463  |   4.935503504099325    |          57869.1          |
|    1300   |  0.060636087186867374 |        0.1656336501124315        |  5.339255754207261  |    5.56689349571243    |          53369.0          |
|    1400   |  0.07030569180496968  |       0.17804150009760633        |  6.577269004296977  |   6.827281812496949    |          83171.8          |
|    1500   |  0.08079377089743503  |       0.19875711238128133        |  8.006809433212037  |   8.288760012399871    |          82331.1          |
+-----------+-----------------------+----------------------------------+---------------------+------------------------+---------------------------+
