+--------------------+---------------------+----------------------------------+--------------------+------------------------+--------------------+
| Length of Sequence | Model Creation Time | Solver Creation + Transform Time |     Solve Time     | Overall Execution Time | Number of Branches |
+--------------------+---------------------+----------------------------------+--------------------+------------------------+--------------------+
|        500         |  0.9179406670009485 |        20.80653220899694         | 2.346984624993638  |   20.506772417007596   |         0          |
|        505         |  0.946935082989512  |        21.725584792002337        | 2.4253611659951275 |   20.74450162499852    |         0          |
|        510         |  0.9610427919978974 |        23.98376170899428         | 2.4453272499958985 |   21.108959499993944   |         0          |
|        515         |  0.9987921249994542 |        24.48677316699468         | 2.575502541993046  |    21.5351598749985    |         0          |
|        520         |  1.0026623750018189 |        25.533339417001116        | 2.604197042004671  |   21.997147792004398   |         0          |
|        525         |  1.0271373750001658 |         24.927045000004          | 2.6390886250010226 |   22.42161699999997    |         0          |
|        530         |  1.0530564590007998 |        26.08651412499603         | 2.700744959001895  |   22.831291584006976   |         0          |
|        535         |  1.0759714580053696 |        23.640695624999353        | 2.739382291008951  |   23.31252362500527    |         0          |
|        540         |  1.0723957080044784 |        24.39965237501019         | 2.844965542011778  |   23.712344583007507   |         0          |
|        545         |  1.0905789999960689 |        25.80608908299473         | 2.8912883330049226 |   24.175725499997498   |         0          |
|        550         |  1.114965166998445  |        31.870924875009223        | 3.009099041999434  |   24.694022666008095   |         0          |
|        555         |  1.1494831670133863 |        28.484973041995545        | 3.102992916989024  |   26.134112917003222   |         0          |
|        560         |  1.1932008329895325 |        28.13088266699924         | 3.062905625003623  |   25.948667874996318   |         0          |
|        565         |  1.1800703329936368 |        30.556659166992176        | 3.090148749994114  |   26.05180545800249    |         0          |
+--------------------+---------------------+----------------------------------+--------------------+------------------------+--------------------+
