+------------------+---------------------+------------------------+----------------------------------+-----------------------+------------------------+---------------------------+
| Number of Queens | Number of Solutions |  Model Creation Time   | Solver Creation + Transform Time |       Solve Time      | Overall Execution Time | number of search branches |
+------------------+---------------------+------------------------+----------------------------------+-----------------------+------------------------+---------------------------+
|        5         |          10         | 0.00039641700277570635 |      0.0006806249948567711       |  0.003551791000063531 |  0.004656750003050547  |            102            |
|        6         |          4          | 0.0001714999962132424  |      0.0005046669975854456       | 0.0026338329989812337 |  0.00332279199938057   |            170            |
|        7         |          40         | 0.00016508399858139455 |      0.0005385829936130904       |  0.006975083000725135 |  0.007702249997237232  |            571            |
|        8         |          92         | 0.0002294999940204434  |       0.000654499999654945       |  0.017526624993479345 |  0.018435167003190145  |            1981           |
|        9         |         352         | 0.00025229200400644913 |      0.0007537919955211692       |  0.08518562500103144  |  0.08621583299827762   |            8669           |
|        10        |         724         | 0.0002630419985507615  |      0.0008145000028889626       |   0.4134794999990845  |   0.4145856670002104   |           26613           |
|        11        |         2110        | 0.00028466599906096235 |      0.0008882080001058057       |   1.8898195000001579  |   1.8910237919990323   |           103141          |
|        12        |         870         | 0.0002887500013457611  |      0.0009526659996481612       |   0.4099733330003801  |  0.41123829100251896   |           43840           |
|        13        |         587         | 0.00030129199876682833 |       0.000982957993983291       |  0.26218891700409586  |   0.2634942919976311   |           32213           |
+------------------+---------------------+------------------------+----------------------------------+-----------------------+------------------------+---------------------------+
