+--------------------------------+------------------------+----------------------------------+----------------------+------------------------+---------------------------+
| Amount of numbers to partition |  Model Creation Time   | Solver Creation + Transform Time |      Solve Time      | Overall Execution Time | number of search branches |
+--------------------------------+------------------------+----------------------------------+----------------------+------------------------+---------------------------+
|               10               | 0.00019408400112297386 |      0.0009067920036613941       | 0.010657833998266142 |  0.011772499994549435  |             93            |
|               20               | 0.00032774999999674037 |      0.0012737080032820813       | 0.03232999999454478  |  0.033947916999750305  |            870            |
|               30               | 0.00042254199797753245 |      0.0017574170051375404       |  1.6945008329930715  |   1.6967066659999546   |           21574           |
|               40               | 0.0005714580038329586  |      0.0025040830005309545       |  0.3281574580032611  |   0.3312517919985112   |            4994           |
|               50               | 0.0007274590025190264  |      0.0029462499951478094       |  1.7112407910026377  |   1.714990749998833    |           15305           |
|               60               | 0.0008790420033619739  |      0.0033779169971239753       | 0.20405316699907416  |   0.2083352499976172   |             0             |
|               70               | 0.0009395419983775355  |       0.003923333002603613       |  0.1885068749979837  |   0.1933960410024156   |             0             |
|               80               | 0.0010385829955339432  |       0.004314040997996926       | 0.17099325000162935  |  0.17637754199677147   |             0             |
|               90               |  0.001116208004532382  |      0.0050389169991831295       |  0.1752018329934799  |  0.18139383300149348   |             0             |
|              100               |  0.001363250004942529  |       0.005582500001764856       | 0.19031429199822014  |  0.19729766599630238   |             0             |
+--------------------------------+------------------------+----------------------------------+----------------------+------------------------+---------------------------+
