+---------------+----------------------+----------------------------------+---------------------+------------------------+---------------------------+
| Size of board | Model Creation Time  | Solver Creation + Transform Time |      Solve Time     | Overall Execution Time | number of search branches |
+---------------+----------------------+----------------------------------+---------------------+------------------------+---------------------------+
|       10      | 0.058379915994009934 |       0.29924895799922524        | 0.42869666700426023 |   0.7877853329991922   |             0             |
|       11      | 0.08440837500529597  |        0.4341897920021438        |  0.4969869580017985 |   1.0177780830053962   |             0             |
|       12      | 0.12307508400408551  |        0.6108192079991568        |  0.5608012080047047 |   1.2973567080043722   |             0             |
|       13      | 0.16487016699829837  |        0.8424114169974928        |  0.6314452910010004 |   1.6426254580001114   |             0             |
|       14      | 0.22256816700246418  |        1.1277675410019583        |  0.771377165998274  |   2.1268760830062092   |             0             |
|       15      | 0.29145762500411365  |        1.4937095409986796        |  0.8391976670027361 |   2.631100165999669    |             0             |
|       16      | 0.38129541599482764  |        1.9558128750068136        |  0.9604893750001793 |   3.306548250002379    |             0             |
|       17      | 0.48005004200240364  |        2.425545709003927         |  1.1406214580056258 |   4.059366542001953    |             0             |
|       18      |  0.6019980830023997  |        3.0291165829985403        |  1.309512583000469  |   4.954951708998124    |             0             |
|       19      |  0.751557875002618   |        3.764040458998352         |  1.5340013329987414 |   6.068691417000082    |             0             |
+---------------+----------------------+----------------------------------+---------------------+------------------------+---------------------------+
