+-------------+-----------------------+----------------------------------+----------------------+------------------------+--------------------+
| Nb of Teams |  Model Creation Time  | Solver Creation + Transform Time |      Solve Time      | Overall Execution Time | Number of Branches |
+-------------+-----------------------+----------------------------------+----------------------+------------------------+--------------------+
|      2      | 0.0004711660003522411 |        0.0011574170057429        | 0.002098042008583434 |  0.004959458994562738  |         0          |
|      4      | 0.0023181669967016205 |       0.02021962500293739        | 0.009256334000383504 |  0.032129792001796886  |        164         |
|      6      |  0.01032637499156408  |        0.1217599999945378        | 0.04723487500450574  |  0.16952312500507105   |        1054        |
|      8      |  0.030645999999251217 |        0.4263757910084678        | 0.27506866698968224  |   0.6670253330084961   |        3566        |
|      10     |  0.07372916699387133  |        1.133218457995099         |  1.0492154590028804  |   2.052982042005169    |        3638        |
|      12     |  0.14991924999048933  |        2.3744473330007168        |   2.08166829199763   |   4.227466375014046    |       11288        |
|      14     |   0.2736451249948004  |        4.745220917000552         |  4.159963666999829   |    8.15216737499577    |       42418        |
|      16     |   0.4587900409969734  |         8.38628829200752         |  5.215642916999059   |   12.117355665992363   |       76956        |
|      18     |   0.7261147079989314  |        13.061665416986216        |  30.690982625004835  |    41.7495403750072    |       710653       |
|      20     |   1.1264968750037951  |        20.65070516600099         |  31.155202207999537  |   48.235809749996406   |       480001       |
+-------------+-----------------------+----------------------------------+----------------------+------------------------+--------------------+
