+-------------------------+----------------------+----------------------------------+---------------------+------------------------+---------------------------+
| Number of words to find | Model Creation Time  | Solver Creation + Transform Time |      Solve Time     | Overall Execution Time | number of search branches |
+-------------------------+----------------------+----------------------------------+---------------------+------------------------+---------------------------+
|            10           | 0.011122416000034718 |       0.17236687500007974        | 0.10577904100000524 |  0.28956525000012334   |            5889           |
|            12           | 0.014626125000177126 |        0.238350334000188         | 0.15054383300002883 |   0.4039282080002522   |            8160           |
|            14           | 0.018613416999869514 |       0.31742220800015275        |  0.1981166669997947 |   0.5345517079999809   |           10915           |
|            16           | 0.023606207999819162 |        0.4046593750003922        |  0.2583610420001605 |   0.6871559159999379   |           11998           |
|            18           | 0.029280042000209505 |        0.510933790999843         |  0.3218153339998935 |   0.8626484160004111   |           17205           |
|            20           | 0.03486370900009206  |        0.6122038339999563        | 0.39454437500035056 |   1.0423244169996906   |           21647           |
|            22           | 0.04116691700028241  |        0.7326639580001029        | 0.49640450000015335 |   1.2711597500001517   |           25215           |
|            24           |  0.0479223339998498  |        0.8634564579997459        |  0.5804244999999355 |   1.493242999999893    |           32475           |
|            26           | 0.05646337500002119  |        1.0101253329999054        |  0.7183342500002254 |   1.7867101249998996   |           36383           |
|            28           | 0.06436516600024333  |        1.1621864160001678        |  0.7740769590000127 |   2.002343750000364    |           40200           |
+-------------------------+----------------------+----------------------------------+---------------------+------------------------+---------------------------+
